0.0000	57.233	2.0000	0.50000	5.3042	5.6799	24.690	18.453	77.449	301.73	0.11686		122.18	0.032982	liquid
0.25000	58.178	2.0000	0.50000	5.3088	5.6907	24.707	18.434	77.156	302.31	0.11626		122.20	0.032992	liquid
0.50000	59.123	2.0000	0.50000	5.3134	5.7016	24.724	18.416	76.866	302.89	0.11566		122.21	0.033002	liquid
0.75000	60.069	2.0000	0.50000	5.3180	5.7124	24.741	18.398	76.581	303.47	0.11506		122.23	0.033012	liquid
1.0000	61.015	2.0000	0.50000	5.3226	5.7232	24.758	18.381	76.299	304.04	0.11447		122.24	0.033022	liquid
1.2500	61.962	2.0000	0.50000	5.3272	5.7340	24.774	18.363	76.020	304.60	0.11388		122.26	0.033032	liquid
1.5000	62.909	2.0000	0.50000	5.3318	5.7448	24.791	18.346	75.745	305.17	0.11329		122.28	0.033042	liquid
1.7500	63.857	2.0000	0.50000	5.3364	5.7556	24.808	18.329	75.474	305.73	0.11272		122.29	0.033052	liquid
2.0000	64.805	2.0000	0.50000	5.3410	5.7664	24.824	18.312	75.205	306.28	0.11214		122.31	0.033061	liquid
2.2500	65.753	2.0000	0.50000	5.3456	5.7772	24.841	18.295	74.940	306.83	0.11157		122.33	0.033071	liquid
2.5000	66.702	2.0000	0.50000	5.3501	5.7880	24.858	18.279	74.678	307.38	0.11100		122.34	0.033081	liquid
2.7500	67.652	2.0000	0.50000	5.3547	5.7988	24.874	18.263	74.420	307.93	0.11044		122.36	0.033091	liquid
3.0000	68.602	2.0000	0.50000	5.3593	5.8096	24.891	18.246	74.164	308.47	0.10988		122.37	0.033100	liquid
3.2500	69.552	2.0000	0.50000	5.3638	5.8204	24.907	18.230	73.911	309.01	0.10933		122.39	0.033110	liquid
3.5000	70.503	2.0000	0.50000	5.3684	5.8312	24.924	18.215	73.662	309.55	0.10878		122.41	0.033120	liquid
3.7500	71.454	2.0000	0.50000	5.3729	5.8420	24.940	18.199	73.415	310.08	0.10823		122.42	0.033129	liquid
4.0000	72.405	2.0000	0.50000	5.3775	5.8528	24.956	18.184	73.171	310.61	0.10769		122.44	0.033139	liquid
4.2500	73.357	2.0000	0.50000	5.3820	5.8636	24.973	18.168	72.930	311.13	0.10715		122.46	0.033149	liquid
4.5000	74.309	2.0000	0.50000	5.3866	5.8744	24.989	18.153	72.691	311.66	0.10661		122.47	0.033158	liquid
4.7500	75.262	2.0000	0.50000	5.3911	5.8852	25.006	18.138	72.455	312.18	0.10608		122.49	0.033168	liquid
5.0000	76.215	2.0000	0.50000	5.3956	5.8960	25.022	18.124	72.222	312.69	0.10555		122.50	0.033177	liquid
5.2500	77.169	2.0000	0.50000	5.4002	5.9067	25.038	18.109	71.991	313.21	0.10503		122.52	0.033186	liquid
5.5000	78.122	2.0000	0.50000	5.4047	5.9175	25.054	18.094	71.763	313.72	0.10451		122.54	0.033196	liquid
5.7500	79.077	2.0000	0.50000	5.4092	5.9283	25.071	18.080	71.537	314.22	0.10399		122.55	0.033205	liquid
6.0000	80.031	2.0000	0.50000	5.4137	5.9391	25.087	18.066	71.314	314.73	0.10347		122.57	0.033214	liquid
6.2500	80.986	2.0000	0.50000	5.4182	5.9499	25.103	18.052	71.093	315.23	0.10296		122.58	0.033224	liquid
6.5000	81.941	2.0000	0.50000	5.4227	5.9607	25.119	18.038	70.875	315.73	0.10245		122.60	0.033233	liquid
6.7500	82.897	2.0000	0.50000	5.4273	5.9714	25.135	18.024	70.659	316.23	0.10195		122.62	0.033242	liquid
7.0000	83.853	2.0000	0.50000	5.4318	5.9822	25.151	18.011	70.445	316.72	0.10145		122.63	0.033251	liquid
7.2500	84.809	2.0000	0.50000	5.4363	5.9930	25.167	17.997	70.233	317.21	0.10095		122.65	0.033261	liquid
7.5000	85.765	2.0000	0.50000	5.4408	6.0038	25.183	17.984	70.023	317.70	0.10045		122.66	0.033270	liquid
7.7500	86.722	2.0000	0.50000	5.4453	6.0146	25.199	17.971	69.816	318.18	0.099961	122.68	0.033279	liquid
8.0000	87.679	2.0000	0.50000	5.4497	6.0253	25.215	17.958	69.610	318.67	0.099471	122.70	0.033288	liquid
8.2500	88.637	2.0000	0.50000	5.4542	6.0361	25.231	17.945	69.407	319.15	0.098984	122.71	0.033297	liquid
8.5000	89.595	2.0000	0.50000	5.4587	6.0469	25.247	17.932	69.206	319.63	0.098500	122.73	0.033306	liquid
8.7500	90.553	2.0000	0.50000	5.4632	6.0576	25.263	17.920	69.006	320.10	0.098019	122.74	0.033315	liquid
9.0000	91.511	2.0000	0.50000	5.4677	6.0684	25.279	17.907	68.809	320.57	0.097541	122.76	0.033324	liquid
9.2500	92.470	2.0000	0.50000	5.4722	6.0792	25.295	17.895	68.614	321.04	0.097065	122.78	0.033333	liquid
9.5000	93.429	2.0000	0.50000	5.4766	6.0899	25.311	17.883	68.420	321.51	0.096593	122.79	0.033341	liquid
9.7500	94.388	2.0000	0.50000	5.4811	6.1007	25.327	17.871	68.229	321.98	0.096122	122.81	0.033350	liquid
10.000	95.347	2.0000	0.50000	5.4856	6.1115	25.342	17.859	68.039	322.44	0.095655	122.82	0.033359	liquid
10.250	96.307	2.0000	0.50000	5.4900	6.1222	25.358	17.847	67.851	322.90	0.095190	122.84	0.033368	liquid
10.500	97.267	2.0000	0.50000	5.4945	6.1330	25.374	17.835	67.665	323.36	0.094728	122.86	0.033377	liquid
10.750	98.227	2.0000	0.50000	5.4989	6.1438	25.389	17.823	67.480	323.81	0.094268	122.87	0.033385	liquid
11.000	99.188	2.0000	0.50000	5.5034	6.1545	25.405	17.812	67.297	324.27	0.093811	122.89	0.033394	liquid
11.250	100.15	2.0000	0.50000	5.5078	6.1653	25.421	17.800	67.116	324.72	0.093357	122.90	0.033403	liquid
11.500	101.11	2.0000	0.50000	5.5123	6.1760	25.436	17.789	66.937	325.17	0.092905	122.92	0.033411	liquid
11.750	102.07	2.0000	0.50000	5.5167	6.1868	25.452	17.778	66.759	325.62	0.092455	122.94	0.033420	liquid
12.000	103.03	2.0000	0.50000	5.5212	6.1976	25.468	17.767	66.583	326.06	0.092008	122.95	0.033428	liquid
12.250	103.99	2.0000	0.50000	5.5256	6.2083	25.483	17.756	66.409	326.50	0.091563	122.97	0.033437	liquid
12.500	104.96	2.0000	0.50000	5.5301	6.2191	25.499	17.745	66.236	326.94	0.091120	122.98	0.033445	liquid
12.750	105.92	2.0000	0.50000	5.5345	6.2298	25.514	17.734	66.064	327.38	0.090680	123.00	0.033454	liquid
13.000	106.88	2.0000	0.50000	5.5389	6.2406	25.530	17.724	65.895	327.82	0.090242	123.01	0.033462	liquid
13.250	107.84	2.0000	0.50000	5.5434	6.2513	25.545	17.713	65.726	328.25	0.089806	123.03	0.033470	liquid
13.500	108.81	2.0000	0.50000	5.5478	6.2621	25.561	17.703	65.559	328.68	0.089372	123.05	0.033479	liquid
13.750	109.77	2.0000	0.50000	5.5522	6.2728	25.576	17.692	65.394	329.11	0.088941	123.06	0.033487	liquid
14.000	110.73	2.0000	0.50000	5.5566	6.2836	25.592	17.682	65.230	329.54	0.088512	123.08	0.033495	liquid
14.250	111.70	2.0000	0.50000	5.5610	6.2943	25.607	17.672	65.067	329.97	0.088085	123.09	0.033504	liquid
14.500	112.66	2.0000	0.50000	5.5655	6.3050	25.622	17.662	64.906	330.39	0.087660	123.11	0.033512	liquid
14.750	113.62	2.0000	0.50000	5.5699	6.3158	25.638	17.652	64.746	330.82	0.087237	123.12	0.033520	liquid
15.000	114.59	2.0000	0.50000	5.5743	6.3265	25.653	17.642	64.588	331.24	0.086817	123.14	0.033528	liquid
15.250	115.55	2.0000	0.50000	5.5787	6.3373	25.668	17.632	64.431	331.66	0.086398	123.16	0.033536	liquid
15.500	116.52	2.0000	0.50000	5.5831	6.3480	25.684	17.623	64.275	332.07	0.085981	123.17	0.033544	liquid
15.750	117.48	2.0000	0.50000	5.5875	6.3587	25.699	17.613	64.121	332.49	0.085567	123.19	0.033552	liquid
16.000	118.45	2.0000	0.50000	5.5919	6.3695	25.714	17.604	63.967	332.90	0.085154	123.20	0.033560	liquid
16.250	119.41	2.0000	0.50000	5.5963	6.3802	25.729	17.594	63.815	333.31	0.084743	123.22	0.033568	liquid
16.500	120.38	2.0000	0.50000	5.6007	6.3909	25.744	17.585	63.665	333.72	0.084335	123.23	0.033576	liquid
16.750	121.34	2.0000	0.50000	5.6051	6.4017	25.760	17.576	63.515	334.13	0.083928	123.25	0.033584	supercritical
17.000	122.31	2.0000	0.50000	5.6095	6.4124	25.775	17.566	63.367	334.54	0.083523	123.26	0.033592	supercritical
17.250	123.27	2.0000	0.50000	5.6139	6.4231	25.790	17.557	63.220	334.94	0.083120	123.28	0.033600	supercritical
17.500	124.24	2.0000	0.50000	5.6183	6.4339	25.805	17.548	63.074	335.34	0.082719	123.30	0.033608	supercritical
17.750	125.21	2.0000	0.50000	5.6227	6.4446	25.820	17.540	62.929	335.74	0.082320	123.31	0.033615	supercritical
18.000	126.17	2.0000	0.50000	5.6270	6.4553	25.835	17.531	62.786	336.14	0.081922	123.33	0.033623	supercritical
18.250	127.14	2.0000	0.50000	5.6314	6.4660	25.850	17.522	62.643	336.54	0.081526	123.34	0.033631	supercritical
18.500	128.10	2.0000	0.50000	5.6358	6.4768	25.865	17.513	62.502	336.94	0.081133	123.36	0.033639	supercritical
18.750	129.07	2.0000	0.50000	5.6402	6.4875	25.880	17.505	62.362	337.33	0.080740	123.37	0.033646	supercritical
19.000	130.04	2.0000	0.50000	5.6446	6.4982	25.895	17.496	62.223	337.72	0.080350	123.39	0.033654	supercritical
19.250	131.01	2.0000	0.50000	5.6489	6.5089	25.910	17.488	62.084	338.12	0.079961	123.40	0.033662	supercritical
19.500	131.97	2.0000	0.50000	5.6533	6.5197	25.925	17.479	61.948	338.51	0.079574	123.42	0.033669	supercritical
19.750	132.94	2.0000	0.50000	5.6577	6.5304	25.940	17.471	61.812	338.89	0.079189	123.44	0.033677	supercritical
20.000	133.91	2.0000	0.50000	5.6620	6.5411	25.955	17.463	61.677	339.28	0.078805	123.45	0.033684	supercritical
20.250	134.87	2.0000	0.50000	5.6664	6.5518	25.970	17.455	61.543	339.67	0.078424	123.47	0.033692	supercritical
20.500	135.84	2.0000	0.50000	5.6708	6.5625	25.985	17.447	61.410	340.05	0.078043	123.48	0.033699	supercritical
20.750	136.81	2.0000	0.50000	5.6751	6.5732	25.999	17.439	61.278	340.43	0.077665	123.50	0.033706	supercritical
21.000	137.78	2.0000	0.50000	5.6795	6.5840	26.014	17.431	61.147	340.81	0.077288	123.51	0.033714	supercritical
21.250	138.75	2.0000	0.50000	5.6838	6.5947	26.029	17.423	61.017	341.19	0.076912	123.53	0.033721	supercritical
21.500	139.71	2.0000	0.50000	5.6882	6.6054	26.044	17.415	60.888	341.57	0.076538	123.54	0.033729	supercritical
21.750	140.68	2.0000	0.50000	5.6926	6.6161	26.059	17.407	60.760	341.95	0.076166	123.56	0.033736	supercritical
22.000	141.65	2.0000	0.50000	5.6969	6.6268	26.073	17.399	60.633	342.32	0.075795	123.57	0.033743	supercritical
22.250	142.62	2.0000	0.50000	5.7013	6.6375	26.088	17.392	60.507	342.70	0.075426	123.59	0.033750	supercritical
22.500	143.59	2.0000	0.50000	5.7056	6.6482	26.103	17.384	60.382	343.07	0.075058	123.60	0.033757	supercritical
22.750	144.56	2.0000	0.50000	5.7099	6.6589	26.118	17.377	60.258	343.44	0.074692	123.62	0.033765	supercritical
23.000	145.53	2.0000	0.50000	5.7143	6.6696	26.132	17.369	60.134	343.81	0.074327	123.64	0.033772	supercritical
23.250	146.49	2.0000	0.50000	5.7186	6.6803	26.147	17.362	60.012	344.18	0.073964	123.65	0.033779	supercritical
23.500	147.46	2.0000	0.50000	5.7230	6.6910	26.161	17.355	59.890	344.54	0.073603	123.67	0.033786	supercritical
23.750	148.43	2.0000	0.50000	5.7273	6.7017	26.176	17.347	59.769	344.91	0.073242	123.68	0.033793	supercritical
24.000	149.40	2.0000	0.50000	5.7316	6.7124	26.191	17.340	59.650	345.27	0.072883	123.70	0.033800	supercritical
24.250	150.37	2.0000	0.50000	5.7360	6.7231	26.205	17.333	59.531	345.64	0.072526	123.71	0.033807	supercritical
24.500	151.34	2.0000	0.50000	5.7403	6.7338	26.220	17.326	59.412	346.00	0.072170	123.73	0.033814	supercritical
24.750	152.31	2.0000	0.50000	5.7446	6.7445	26.234	17.319	59.295	346.36	0.071815	123.74	0.033821	supercritical
25.000	153.28	2.0000	0.50000	5.7490	6.7552	26.249	17.312	59.178	346.72	0.071462	123.76	0.033828	supercritical
25.250	154.25	2.0000	0.50000	5.7533	6.7659	26.263	17.305	59.063	347.08	0.071110	123.77	0.033835	supercritical
25.500	155.22	2.0000	0.50000	5.7576	6.7766	26.278	17.298	58.948	347.44	0.070760	123.79	0.033841	supercritical
25.750	156.19	2.0000	0.50000	5.7619	6.7873	26.292	17.291	58.833	347.79	0.070411	123.80	0.033848	supercritical
26.000	157.16	2.0000	0.50000	5.7663	6.7980	26.307	17.285	58.720	348.15	0.070063	123.82	0.033855	supercritical
26.250	158.13	2.0000	0.50000	5.7706	6.8087	26.321	17.278	58.607	348.50	0.069717	123.83	0.033862	supercritical
26.500	159.10	2.0000	0.50000	5.7749	6.8193	26.336	17.271	58.495	348.85	0.069371	123.85	0.033869	supercritical
26.750	160.07	2.0000	0.50000	5.7792	6.8300	26.350	17.265	58.384	349.20	0.069028	123.86	0.033875	supercritical
27.000	161.04	2.0000	0.50000	5.7835	6.8407	26.364	17.258	58.274	349.55	0.068685	123.88	0.033882	supercritical
27.250	162.01	2.0000	0.50000	5.7879	6.8514	26.379	17.252	58.164	349.90	0.068344	123.89	0.033888	supercritical
27.500	162.98	2.0000	0.50000	5.7922	6.8621	26.393	17.245	58.055	350.25	0.068004	123.91	0.033895	supercritical
27.750	163.95	2.0000	0.50000	5.7965	6.8728	26.408	17.239	57.947	350.60	0.067665	123.92	0.033902	supercritical
28.000	164.92	2.0000	0.50000	5.8008	6.8834	26.422	17.233	57.840	350.94	0.067328	123.94	0.033908	supercritical
28.250	165.89	2.0000	0.50000	5.8051	6.8941	26.436	17.226	57.733	351.29	0.066992	123.95	0.033915	supercritical
28.500	166.86	2.0000	0.50000	5.8094	6.9048	26.450	17.220	57.627	351.63	0.066657	123.97	0.033921	supercritical
28.750	167.83	2.0000	0.50000	5.8137	6.9155	26.465	17.214	57.522	351.97	0.066323	123.98	0.033928	supercritical
29.000	168.81	2.0000	0.50000	5.8180	6.9262	26.479	17.208	57.417	352.31	0.065991	124.00	0.033934	supercritical
29.250	169.78	2.0000	0.50000	5.8223	6.9368	26.493	17.202	57.313	352.66	0.065659	124.01	0.033940	supercritical
29.500	170.75	2.0000	0.50000	5.8266	6.9475	26.507	17.196	57.210	352.99	0.065329	124.03	0.033947	supercritical
29.750	171.72	2.0000	0.50000	5.8309	6.9582	26.522	17.190	57.107	353.33	0.065000	124.05	0.033953	supercritical
30.000	172.69	2.0000	0.50000	5.8352	6.9688	26.536	17.184	57.005	353.67	0.064673	124.06	0.033960	supercritical
30.250	173.66	2.0000	0.50000	5.8395	6.9795	26.550	17.178	56.904	354.01	0.064346	124.08	0.033966	supercritical
30.500	174.63	2.0000	0.50000	5.8438	6.9902	26.564	17.172	56.803	354.34	0.064021	124.09	0.033972	supercritical
30.750	175.60	2.0000	0.50000	5.8481	7.0009	26.578	17.166	56.703	354.68	0.063697	124.11	0.033978	supercritical
31.000	176.57	2.0000	0.50000	5.8524	7.0115	26.592	17.160	56.603	355.01	0.063374	124.12	0.033985	supercritical
31.250	177.55	2.0000	0.50000	5.8567	7.0222	26.606	17.154	56.505	355.34	0.063052	124.14	0.033991	supercritical
31.500	178.52	2.0000	0.50000	5.8609	7.0329	26.620	17.149	56.406	355.67	0.062731	124.15	0.033997	supercritical
31.750	179.49	2.0000	0.50000	5.8652	7.0435	26.635	17.143	56.309	356.00	0.062411	124.17	0.034003	supercritical
32.000	180.46	2.0000	0.50000	5.8695	7.0542	26.649	17.137	56.212	356.33	0.062092	124.18	0.034009	supercritical
32.250	181.43	2.0000	0.50000	5.8738	7.0648	26.663	17.132	56.115	356.66	0.061775	124.20	0.034015	supercritical
32.500	182.40	2.0000	0.50000	5.8781	7.0755	26.677	17.126	56.020	356.99	0.061459	124.21	0.034021	supercritical
32.750	183.38	2.0000	0.50000	5.8824	7.0862	26.691	17.121	55.924	357.32	0.061143	124.22	0.034027	supercritical
33.000	184.35	2.0000	0.50000	5.8866	7.0968	26.705	17.115	55.830	357.64	0.060829	124.24	0.034033	supercritical
33.250	185.32	2.0000	0.50000	5.8909	7.1075	26.719	17.110	55.736	357.97	0.060516	124.25	0.034039	supercritical
33.500	186.29	2.0000	0.50000	5.8952	7.1181	26.733	17.104	55.642	358.29	0.060204	124.27	0.034045	supercritical
33.750	187.26	2.0000	0.50000	5.8995	7.1288	26.746	17.099	55.550	358.61	0.059893	124.28	0.034051	supercritical
34.000	188.23	2.0000	0.50000	5.9037	7.1394	26.760	17.094	55.457	358.94	0.059583	124.30	0.034057	supercritical
34.250	189.21	2.0000	0.50000	5.9080	7.1501	26.774	17.088	55.365	359.26	0.059274	124.31	0.034063	supercritical
34.500	190.18	2.0000	0.50000	5.9123	7.1607	26.788	17.083	55.274	359.58	0.058966	124.33	0.034069	supercritical
34.750	191.15	2.0000	0.50000	5.9166	7.1714	26.802	17.078	55.183	359.90	0.058659	124.34	0.034074	supercritical
35.000	192.12	2.0000	0.50000	5.9208	7.1820	26.816	17.073	55.093	360.22	0.058353	124.36	0.034080	supercritical
35.250	193.09	2.0000	0.50000	5.9251	7.1927	26.830	17.068	55.004	360.53	0.058048	124.37	0.034086	supercritical
35.500	194.07	2.0000	0.50000	5.9294	7.2033	26.844	17.062	54.915	360.85	0.057745	124.39	0.034092	supercritical
35.750	195.04	2.0000	0.50000	5.9336	7.2140	26.857	17.057	54.826	361.17	0.057442	124.40	0.034097	supercritical
36.000	196.01	2.0000	0.50000	5.9379	7.2246	26.871	17.052	54.738	361.48	0.057140	124.42	0.034103	supercritical
36.250	196.98	2.0000	0.50000	5.9422	7.2353	26.885	17.047	54.651	361.80	0.056839	124.43	0.034109	supercritical
36.500	197.95	2.0000	0.50000	5.9464	7.2459	26.899	17.042	54.564	362.11	0.056539	124.45	0.034114	supercritical
36.750	198.93	2.0000	0.50000	5.9507	7.2566	26.912	17.037	54.477	362.42	0.056240	124.46	0.034120	supercritical
37.000	199.90	2.0000	0.50000	5.9549	7.2672	26.926	17.032	54.391	362.74	0.055942	124.48	0.034126	supercritical
37.250	200.87	2.0000	0.50000	5.9592	7.2778	26.940	17.028	54.306	363.05	0.055645	124.49	0.034131	supercritical
37.500	201.84	2.0000	0.50000	5.9635	7.2885	26.954	17.023	54.221	363.36	0.055349	124.51	0.034137	supercritical
37.750	202.81	2.0000	0.50000	5.9677	7.2991	26.967	17.018	54.136	363.67	0.055054	124.52	0.034142	supercritical
38.000	203.79	2.0000	0.50000	5.9720	7.3097	26.981	17.013	54.052	363.98	0.054760	124.54	0.034148	supercritical
38.250	204.76	2.0000	0.50000	5.9762	7.3204	26.995	17.008	53.968	364.29	0.054467	124.55	0.034153	supercritical
38.500	205.73	2.0000	0.50000	5.9805	7.3310	27.008	17.004	53.885	364.59	0.054174	124.57	0.034159	supercritical
38.750	206.70	2.0000	0.50000	5.9847	7.3416	27.022	16.999	53.803	364.90	0.053883	124.58	0.034164	supercritical
39.000	207.68	2.0000	0.50000	5.9890	7.3523	27.036	16.994	53.721	365.21	0.053593	124.60	0.034169	supercritical
39.250	208.65	2.0000	0.50000	5.9932	7.3629	27.049	16.990	53.639	365.51	0.053303	124.61	0.034175	supercritical
39.500	209.62	2.0000	0.50000	5.9975	7.3735	27.063	16.985	53.558	365.82	0.053014	124.63	0.034180	supercritical
39.750	210.59	2.0000	0.50000	6.0017	7.3842	27.076	16.980	53.477	366.12	0.052727	124.64	0.034185	supercritical
40.000	211.56	2.0000	0.50000	6.0059	7.3948	27.090	16.976	53.397	366.43	0.052440	124.65	0.034191	supercritical
40.250	212.54	2.0000	0.50000	6.0102	7.4054	27.103	16.971	53.317	366.73	0.052154	124.67	0.034196	supercritical
40.500	213.51	2.0000	0.50000	6.0144	7.4160	27.117	16.967	53.237	367.03	0.051869	124.68	0.034201	supercritical
40.750	214.48	2.0000	0.50000	6.0187	7.4267	27.130	16.962	53.158	367.33	0.051585	124.70	0.034206	supercritical
41.000	215.45	2.0000	0.50000	6.0229	7.4373	27.144	16.958	53.080	367.63	0.051301	124.71	0.034212	supercritical
41.250	216.43	2.0000	0.50000	6.0272	7.4479	27.157	16.953	53.001	367.93	0.051019	124.73	0.034217	supercritical
41.500	217.40	2.0000	0.50000	6.0314	7.4585	27.171	16.949	52.924	368.23	0.050737	124.74	0.034222	supercritical
41.750	218.37	2.0000	0.50000	6.0356	7.4692	27.184	16.945	52.846	368.53	0.050457	124.76	0.034227	supercritical
42.000	219.34	2.0000	0.50000	6.0399	7.4798	27.198	16.940	52.770	368.83	0.050177	124.77	0.034232	supercritical
42.250	220.32	2.0000	0.50000	6.0441	7.4904	27.211	16.936	52.693	369.12	0.049898	124.79	0.034237	supercritical
42.500	221.29	2.0000	0.50000	6.0483	7.5010	27.225	16.932	52.617	369.42	0.049620	124.80	0.034242	supercritical
42.750	222.26	2.0000	0.50000	6.0526	7.5116	27.238	16.928	52.541	369.72	0.049342	124.82	0.034247	supercritical
43.000	223.23	2.0000	0.50000	6.0568	7.5222	27.252	16.923	52.466	370.01	0.049066	124.83	0.034252	supercritical
43.250	224.20	2.0000	0.50000	6.0610	7.5328	27.265	16.919	52.391	370.31	0.048790	124.84	0.034257	supercritical
43.500	225.18	2.0000	0.50000	6.0653	7.5435	27.278	16.915	52.317	370.60	0.048515	124.86	0.034262	supercritical
43.750	226.15	2.0000	0.50000	6.0695	7.5541	27.292	16.911	52.243	370.89	0.048241	124.87	0.034267	supercritical
44.000	227.12	2.0000	0.50000	6.0737	7.5647	27.305	16.907	52.169	371.19	0.047968	124.89	0.034272	supercritical
44.250	228.09	2.0000	0.50000	6.0779	7.5753	27.318	16.902	52.096	371.48	0.047695	124.90	0.034277	supercritical
44.500	229.07	2.0000	0.50000	6.0822	7.5859	27.332	16.898	52.023	371.77	0.047424	124.92	0.034282	supercritical
44.750	230.04	2.0000	0.50000	6.0864	7.5965	27.345	16.894	51.951	372.06	0.047153	124.93	0.034287	supercritical
45.000	231.01	2.0000	0.50000	6.0906	7.6071	27.358	16.890	51.879	372.35	0.046883	124.95	0.034292	supercritical
45.250	231.98	2.0000	0.50000	6.0948	7.6177	27.371	16.886	51.807	372.64	0.046614	124.96	0.034297	supercritical
45.500	232.95	2.0000	0.50000	6.0991	7.6283	27.385	16.882	51.735	372.93	0.046345	124.98	0.034302	supercritical
45.750	233.93	2.0000	0.50000	6.1033	7.6389	27.398	16.878	51.664	373.22	0.046077	124.99	0.034306	supercritical
46.000	234.90	2.0000	0.50000	6.1075	7.6495	27.411	16.874	51.594	373.51	0.045810	125.00	0.034311	supercritical
46.250	235.87	2.0000	0.50000	6.1117	7.6601	27.424	16.870	51.524	373.79	0.045544	125.02	0.034316	supercritical
46.500	236.84	2.0000	0.50000	6.1159	7.6707	27.438	16.867	51.454	374.08	0.045279	125.03	0.034321	supercritical
46.750	237.82	2.0000	0.50000	6.1201	7.6813	27.451	16.863	51.384	374.37	0.045014	125.05	0.034325	supercritical
47.000	238.79	2.0000	0.50000	6.1244	7.6919	27.464	16.859	51.315	374.65	0.044750	125.06	0.034330	supercritical
47.250	239.76	2.0000	0.50000	6.1286	7.7025	27.477	16.855	51.246	374.94	0.044487	125.08	0.034335	supercritical
47.500	240.73	2.0000	0.50000	6.1328	7.7131	27.490	16.851	51.178	375.22	0.044225	125.09	0.034339	supercritical
47.750	241.70	2.0000	0.50000	6.1370	7.7237	27.503	16.847	51.110	375.50	0.043963	125.11	0.034344	supercritical
48.000	242.68	2.0000	0.50000	6.1412	7.7343	27.516	16.844	51.042	375.79	0.043703	125.12	0.034349	supercritical
48.250	243.65	2.0000	0.50000	6.1454	7.7449	27.530	16.840	50.974	376.07	0.043442	125.13	0.034353	supercritical
48.500	244.62	2.0000	0.50000	6.1496	7.7555	27.543	16.836	50.907	376.35	0.043183	125.15	0.034358	supercritical
48.750	245.59	2.0000	0.50000	6.1538	7.7661	27.556	16.832	50.840	376.63	0.042924	125.16	0.034363	supercritical
49.000	246.56	2.0000	0.50000	6.1580	7.7767	27.569	16.829	50.774	376.91	0.042667	125.18	0.034367	supercritical
49.250	247.54	2.0000	0.50000	6.1623	7.7872	27.582	16.825	50.708	377.19	0.042409	125.19	0.034372	supercritical
49.500	248.51	2.0000	0.50000	6.1665	7.7978	27.595	16.821	50.642	377.47	0.042153	125.21	0.034376	supercritical
49.750	249.48	2.0000	0.50000	6.1707	7.8084	27.608	16.818	50.577	377.75	0.041897	125.22	0.034381	supercritical
50.000	250.45	2.0000	0.50000	6.1749	7.8190	27.621	16.814	50.511	378.03	0.041642	125.24	0.034385	supercritical
