0.0000	41.359	1.9068	0.52444	5.5962	5.8810	25.816	19.376	101.07	258.15	0.18035	109.87	0.031100	liquid
0.25000	41.582	1.9022	0.52572	5.6152	5.9022	25.888	19.405	102.06	256.71	0.18303	109.32	0.031033	liquid
0.50000	41.806	1.8975	0.52702	5.6344	5.9236	25.961	19.434	103.08	255.26	0.18575	108.76	0.030966	liquid
0.75000	42.031	1.8928	0.52833	5.6536	5.9452	26.034	19.463	104.13	253.80	0.18852	108.21	0.030900	liquid
1.0000	42.257	1.8880	0.52966	5.6730	5.9668	26.107	19.494	105.21	252.33	0.19135	107.65	0.030836	liquid
1.2500	42.484	1.8832	0.53102	5.6925	5.9887	26.181	19.525	106.33	250.86	0.19423	107.09	0.030772	liquid
1.5000	42.711	1.8783	0.53239	5.7121	6.0106	26.255	19.558	107.48	249.37	0.19716	106.53	0.030709	liquid
1.7500	42.940	1.8734	0.53378	5.7318	6.0327	26.330	19.591	108.68	247.88	0.20014	105.97	0.030647	liquid
2.0000	43.170	1.8685	0.53519	5.7516	6.0550	26.405	19.625	109.91	246.38	0.20319	105.41	0.030586	liquid
2.2500	43.400	1.8635	0.53663	5.7716	6.0774	26.480	19.660	111.19	244.87	0.20629	104.85	0.030526	liquid
2.5000	43.632	1.8584	0.53808	5.7917	6.1000	26.556	19.696	112.52	243.34	0.20945	104.28	0.030467	liquid
2.7500	43.864	1.8533	0.53956	5.8120	6.1227	26.633	19.733	113.89	241.81	0.21268	103.71	0.030410	liquid
3.0000	44.098	1.8482	0.54107	5.8324	6.1456	26.710	19.771	115.32	240.27	0.21597	103.14	0.030353	liquid
3.2500	44.332	1.8430	0.54259	5.8529	6.1687	26.787	19.810	116.79	238.72	0.21933	102.57	0.030298	liquid
3.5000	44.568	1.8377	0.54415	5.8736	6.1920	26.866	19.850	118.33	237.16	0.22276	102.00	0.030243	liquid
3.7500	44.804	1.8324	0.54573	5.8944	6.2155	26.944	19.892	119.92	235.59	0.22627	101.42	0.030190	liquid
4.0000	45.041	1.8270	0.54733	5.9154	6.2391	27.023	19.934	121.58	234.00	0.22984	100.85	0.030139	liquid
4.2500	45.280	1.8216	0.54897	5.9366	6.2630	27.103	19.978	123.31	232.41	0.23350	100.27	0.030088	liquid
4.5000	45.519	1.8161	0.55063	5.9579	6.2870	27.184	20.023	125.11	230.81	0.23723	99.684	0.030039	liquid
4.7500	45.759	1.8105	0.55232	5.9795	6.3113	27.265	20.070	126.99	229.19	0.24105	99.100	0.029991	liquid
5.0000	46.001	1.8049	0.55405	6.0012	6.3358	27.347	20.118	128.95	227.56	0.24495	98.512	0.029945	liquid
5.2500	46.243	1.7992	0.55581	6.0230	6.3605	27.429	20.167	131.00	225.92	0.24895	97.922	0.029900	liquid
5.5000	46.486	1.7934	0.55760	6.0451	6.3854	27.512	20.218	133.15	224.27	0.25303	97.329	0.029857	liquid
5.7500	46.731	1.7875	0.55943	6.0674	6.4106	27.596	20.270	135.39	222.60	0.25722	96.733	0.029816	liquid
6.0000	46.976	1.7816	0.56129	6.0899	6.4361	27.681	20.324	137.74	220.92	0.26150	96.133	0.029776	liquid
6.2500	47.222	1.7756	0.56320	6.1126	6.4618	27.767	20.380	140.21	219.23	0.26589	95.530	0.029738	liquid
6.5000	47.470	1.7695	0.56514	6.1356	6.4878	27.853	20.437	142.81	217.53	0.27039	94.923	0.029702	liquid
6.7500	47.718	1.7633	0.56713	6.1588	6.5141	27.940	20.497	145.54	215.81	0.27500	94.312	0.029667	liquid
7.0000	47.968	1.7570	0.56916	6.1822	6.5406	28.029	20.558	148.42	214.07	0.27974	93.698	0.029635	liquid
7.2500	48.218	1.7506	0.57124	6.2059	6.5675	28.118	20.621	151.46	212.33	0.28459	93.079	0.029605	liquid
7.5000	48.470	1.7441	0.57336	6.2299	6.5947	28.208	20.687	154.68	210.56	0.28958	92.455	0.029577	liquid
7.7500	48.722	1.7375	0.57554	6.2541	6.6223	28.299	20.754	158.08	208.78	0.29470	91.827	0.029552	liquid
8.0000	48.976	1.7308	0.57777	6.2787	6.6502	28.392	20.825	161.69	206.99	0.29996	91.193	0.029529	liquid
8.2500	49.231	1.7239	0.58006	6.3035	6.6785	28.485	20.897	165.52	205.17	0.30538	90.554	0.029509	liquid
8.5000	49.487	1.7170	0.58241	6.3287	6.7071	28.580	20.972	169.60	203.34	0.31095	89.909	0.029493	liquid
8.7500	49.744	1.7099	0.58483	6.3543	6.7362	28.677	21.050	173.95	201.50	0.31668	89.258	0.029479	liquid
9.0000	50.002	1.7027	0.58731	6.3802	6.7657	28.774	21.131	178.60	199.63	0.32259	88.601	0.029468	liquid
9.2500	50.261	1.6953	0.58986	6.4065	6.7957	28.873	21.215	183.59	197.74	0.32868	87.937	0.029462	liquid
9.5000	50.521	1.6878	0.59249	6.4332	6.8262	28.974	21.302	188.94	195.84	0.33496	87.265	0.029459	liquid
9.7500	50.783	1.6801	0.59520	6.4603	6.8572	29.076	21.393	194.71	193.91	0.34145	86.586	0.029461	liquid
10.000	51.046	1.6722	0.59800	6.4879	6.8887	29.181	21.487	200.95	191.96	0.34815	85.898	0.029468	liquid
10.250	51.309	1.6642	0.60089	6.5161	6.9208	29.287	21.586	207.70	189.99	0.35508	85.200	0.029481	liquid
10.500	51.574	1.6559	0.60389	6.5447	6.9536	29.395	21.688	215.04	188.00	0.36226	84.493	0.029499	liquid
10.750	51.840	1.6475	0.60699	6.5739	6.9870	29.505	21.795	223.05	185.98	0.36969	83.776	0.029524	liquid
11.000	52.108	1.6388	0.61020	6.6037	7.0212	29.618	21.907	231.83	183.94	0.37740	83.047	0.029557	liquid
11.250	52.376	1.6299	0.61355	6.6342	7.0561	29.733	22.024	241.48	181.87	0.38540	82.306	0.029599	liquid
11.500	52.646	1.6207	0.61703	6.6653	7.0918	29.851	22.147	252.15	179.77	0.39371	81.551	0.029650	liquid
11.750	52.917	1.6112	0.62067	6.6973	7.1285	29.972	22.276	264.01	177.64	0.40237	80.781	0.029713	liquid
12.000	53.189	1.6014	0.62447	6.7301	7.1662	30.096	22.411	277.27	175.48	0.41139	79.996	0.029789	liquid
12.250	53.462	1.5912	0.62846	6.7638	7.2050	30.225	22.554	292.17	173.29	0.42081	79.192	0.029880	liquid
12.500	53.737	1.5807	0.63265	6.7986	7.2449	30.357	22.705	309.06	171.06	0.43066	78.369	0.029990	liquid
12.750	54.013	1.5697	0.63707	6.8345	7.2862	30.493	22.865	328.34	168.79	0.44098	77.525	0.030120	liquid
13.000	54.290	1.5583	0.64174	6.8716	7.3291	30.635	23.034	350.55	166.48	0.45181	76.655	0.030277	liquid
13.250	54.569	1.5463	0.64671	6.9102	7.3736	30.782	23.214	376.41	164.13	0.46320	75.759	0.030464	liquid
13.500	54.848	1.5337	0.65201	6.9505	7.4200	30.936	23.407	406.88	161.73	0.47523	74.831	0.030691	liquid
13.750	55.130	1.5204	0.65770	6.9926	7.4686	31.097	23.614	443.26	159.28	0.48796	73.867	0.030965	liquid
14.000	55.412	1.5064	0.66385	7.0368	7.5198	31.266	23.836	487.45	156.77	0.50148	72.862	0.031302	liquid
14.250	55.696	1.4913	0.67053	7.0837	7.5740	31.446	24.078	542.14	154.20	0.51591	71.808	0.031718	liquid
14.500	55.982	1.4752	0.67787	7.1336	7.6318	31.639	24.341	611.48	151.55	0.53139	70.695	0.032243	liquid
14.750	56.269	1.4577	0.68603	7.1872	7.6941	31.846	24.630	702.01	148.83	0.54811	69.512	0.032915	liquid
15.000	56.557	1.4384	0.69521	7.2457	7.7619	32.073	24.951	824.70	146.00	0.56631	68.241	0.033800	liquid
15.250	56.847	1.4169	0.70575	7.3102	7.8370	32.324	25.312	999.41	143.07	0.58636	66.856	0.035006	liquid
15.500	57.139	1.3924	0.71817	7.3832	7.9220	32.609	25.725	1265.7	140.01	0.60879	65.319	0.036731	liquid
15.750	57.432	1.3636	0.73337	7.4684	8.0214	32.943	26.207	1714.2	136.77	0.63450	63.566	0.039380	liquid
16.000	57.726	1.3278	0.75310	7.5730	8.1438	33.357	26.791	2602.1	133.32	0.66514	61.477	0.043950	liquid
16.250	58.023	1.2793	0.78170	7.7147	8.3102	33.922	27.540	5008.7	129.57	0.70467	58.773	0.053808	liquid
0.0000	41.359	0.41567	2.4058	10.586	11.892	47.822	22.024	106.09	134.51	1.7338	27.896	0.010130	vapor
0.25000	41.582	0.41902	2.3865	10.574	11.877	47.743	22.077	107.58	134.44	1.7267	27.984	0.010220	vapor
0.50000	41.806	0.42242	2.3673	10.563	11.863	47.663	22.130	109.12	134.37	1.7195	28.073	0.010312	vapor
0.75000	42.031	0.42586	2.3482	10.552	11.848	47.583	22.184	110.70	134.29	1.7123	28.163	0.010407	vapor
1.0000	42.257	0.42934	2.3292	10.540	11.832	47.503	22.238	112.34	134.22	1.7050	28.255	0.010504	vapor
1.2500	42.484	0.43287	2.3102	10.528	11.817	47.421	22.293	114.03	134.14	1.6977	28.347	0.010603	vapor
1.5000	42.711	0.43644	2.2913	10.517	11.801	47.339	22.349	115.78	134.06	1.6903	28.441	0.010705	vapor
1.7500	42.940	0.44006	2.2724	10.504	11.786	47.257	22.406	117.59	133.99	1.6829	28.536	0.010810	vapor
2.0000	43.170	0.44373	2.2536	10.492	11.769	47.174	22.463	119.46	133.91	1.6755	28.633	0.010917	vapor
2.2500	43.400	0.44745	2.2349	10.480	11.753	47.090	22.521	121.40	133.83	1.6680	28.731	0.011026	vapor
2.5000	43.632	0.45123	2.2162	10.467	11.737	47.005	22.580	123.41	133.75	1.6604	28.830	0.011139	vapor
2.7500	43.864	0.45505	2.1976	10.454	11.720	46.920	22.640	125.49	133.66	1.6528	28.931	0.011254	vapor
3.0000	44.098	0.45893	2.1790	10.441	11.703	46.833	22.700	127.65	133.58	1.6451	29.033	0.011373	vapor
3.2500	44.332	0.46287	2.1605	10.428	11.685	46.746	22.762	129.89	133.49	1.6374	29.137	0.011494	vapor
3.5000	44.568	0.46686	2.1420	10.414	11.668	46.659	22.824	132.22	133.41	1.6296	29.242	0.011619	vapor
3.7500	44.804	0.47091	2.1235	10.401	11.650	46.570	22.888	134.63	133.32	1.6218	29.349	0.011747	vapor
4.0000	45.041	0.47503	2.1051	10.387	11.632	46.480	22.952	137.15	133.23	1.6139	29.458	0.011879	vapor
4.2500	45.280	0.47921	2.0868	10.373	11.613	46.390	23.017	139.77	133.14	1.6059	29.569	0.012015	vapor
4.5000	45.519	0.48345	2.0685	10.358	11.594	46.299	23.083	142.50	133.05	1.5979	29.681	0.012154	vapor
4.7500	45.759	0.48776	2.0502	10.343	11.575	46.206	23.151	145.35	132.96	1.5898	29.796	0.012298	vapor
5.0000	46.001	0.49214	2.0319	10.328	11.556	46.113	23.219	148.32	132.86	1.5816	29.912	0.012445	vapor
5.2500	46.243	0.49660	2.0137	10.313	11.536	46.019	23.289	151.42	132.77	1.5733	30.031	0.012597	vapor
5.5000	46.486	0.50113	1.9955	10.298	11.516	45.923	23.360	154.67	132.67	1.5650	30.151	0.012754	vapor
5.7500	46.731	0.50573	1.9773	10.282	11.495	45.827	23.432	158.07	132.57	1.5566	30.274	0.012915	vapor
6.0000	46.976	0.51042	1.9592	10.266	11.474	45.729	23.505	161.63	132.47	1.5481	30.400	0.013082	vapor
6.2500	47.222	0.51520	1.9410	10.250	11.453	45.630	23.579	165.36	132.37	1.5395	30.528	0.013253	vapor
6.5000	47.470	0.52006	1.9229	10.233	11.431	45.530	23.655	169.28	132.26	1.5308	30.658	0.013431	vapor
6.7500	47.718	0.52501	1.9047	10.216	11.409	45.429	23.733	173.41	132.16	1.5220	30.791	0.013614	vapor
7.0000	47.968	0.53005	1.8866	10.198	11.387	45.326	23.811	177.75	132.05	1.5132	30.927	0.013803	vapor
7.2500	48.218	0.53520	1.8685	10.181	11.363	45.222	23.892	182.33	131.94	1.5042	31.066	0.013998	vapor
7.5000	48.470	0.54044	1.8503	10.162	11.340	45.116	23.973	187.16	131.83	1.4951	31.208	0.014201	vapor
7.7500	48.722	0.54580	1.8322	10.144	11.316	45.009	24.057	192.28	131.71	1.4859	31.353	0.014410	vapor
8.0000	48.976	0.55126	1.8140	10.125	11.291	44.900	24.142	197.69	131.59	1.4766	31.502	0.014628	vapor
8.2500	49.231	0.55685	1.7958	10.106	11.266	44.789	24.229	203.43	131.47	1.4672	31.654	0.014853	vapor
8.5000	49.487	0.56256	1.7776	10.086	11.241	44.677	24.318	209.54	131.35	1.4576	31.810	0.015087	vapor
8.7500	49.744	0.56840	1.7593	10.065	11.214	44.562	24.408	216.04	131.23	1.4479	31.970	0.015331	vapor
9.0000	50.002	0.57438	1.7410	10.045	11.188	44.446	24.501	222.97	131.10	1.4381	32.134	0.015584	vapor
9.2500	50.261	0.58050	1.7227	10.023	11.160	44.328	24.596	230.39	130.97	1.4281	32.302	0.015848	vapor
9.5000	50.521	0.58677	1.7042	10.001	11.132	44.207	24.693	238.33	130.84	1.4180	32.476	0.016123	vapor
9.7500	50.783	0.59321	1.6858	9.9789	11.103	44.084	24.793	246.87	130.70	1.4077	32.654	0.016410	vapor
10.000	51.046	0.59981	1.6672	9.9558	11.073	43.959	24.895	256.07	130.56	1.3972	32.838	0.016710	vapor
10.250	51.309	0.60660	1.6485	9.9320	11.043	43.830	24.999	266.00	130.41	1.3865	33.028	0.017025	vapor
10.500	51.574	0.61359	1.6298	9.9075	11.011	43.699	25.107	276.76	130.27	1.3757	33.223	0.017356	vapor
10.750	51.840	0.62078	1.6109	9.8823	10.979	43.565	25.217	288.47	130.11	1.3646	33.426	0.017703	vapor
11.000	52.108	0.62819	1.5919	9.8563	10.945	43.428	25.330	301.24	129.96	1.3533	33.635	0.018069	vapor
11.250	52.376	0.63584	1.5727	9.8294	10.911	43.287	25.447	315.23	129.79	1.3418	33.853	0.018456	vapor
11.500	52.646	0.64375	1.5534	9.8016	10.875	43.143	25.567	330.62	129.63	1.3300	34.079	0.018865	vapor
11.750	52.917	0.65194	1.5339	9.7728	10.838	42.994	25.690	347.63	129.45	1.3180	34.313	0.019299	vapor
12.000	53.189	0.66044	1.5142	9.7429	10.800	42.841	25.818	366.54	129.27	1.3056	34.558	0.019762	vapor
12.250	53.462	0.66926	1.4942	9.7118	10.761	42.683	25.950	387.68	129.09	1.2929	34.814	0.020258	vapor
12.500	53.737	0.67845	1.4739	9.6795	10.719	42.520	26.087	411.45	128.90	1.2799	35.082	0.020789	vapor
12.750	54.013	0.68804	1.4534	9.6457	10.676	42.351	26.228	438.40	128.70	1.2665	35.364	0.021362	vapor
13.000	54.290	0.69808	1.4325	9.6103	10.631	42.175	26.375	469.20	128.49	1.2526	35.661	0.021984	vapor
13.250	54.569	0.70861	1.4112	9.5732	10.584	41.992	26.528	504.72	128.27	1.2383	35.975	0.022662	vapor
13.500	54.848	0.71971	1.3894	9.5341	10.535	41.801	26.687	546.15	128.04	1.2234	36.308	0.023407	vapor
13.750	55.130	0.73146	1.3671	9.4927	10.482	41.601	26.853	595.07	127.79	1.2080	36.664	0.024233	vapor
14.000	55.412	0.74394	1.3442	9.4487	10.427	41.390	27.027	653.73	127.54	1.1918	37.045	0.025158	vapor
14.250	55.696	0.75728	1.3205	9.4018	10.367	41.166	27.209	725.30	127.27	1.1749	37.458	0.026206	vapor
14.500	55.982	0.77166	1.2959	9.3513	10.304	40.928	27.401	814.57	126.97	1.1570	37.906	0.027412	vapor
14.750	56.269	0.78727	1.2702	9.2965	10.235	40.672	27.604	928.95	126.66	1.1380	38.400	0.028825	vapor
15.000	56.557	0.80442	1.2431	9.2365	10.160	40.394	27.819	1080.6	126.33	1.1176	38.950	0.030522	vapor
15.250	56.847	0.82354	1.2143	9.1698	10.076	40.088	28.049	1291.2	125.96	1.0955	39.573	0.032627	vapor
15.500	57.139	0.84529	1.1830	9.0942	9.9817	39.745	28.296	1602.7	125.55	1.0711	40.294	0.035358	vapor
15.750	57.432	0.87078	1.1484	9.0060	9.8720	39.349	28.562	2108.5	125.09	1.0436	41.158	0.039149	vapor
16.000	57.726	0.90210	1.1085	8.8986	9.7387	38.873	28.851	3067.0	124.57	1.0112	42.250	0.045026	vapor
16.250	58.023	0.94425	1.0590	8.7558	9.5625	38.249	29.163	5533.0	123.95	0.97015	43.773	0.056361	vapor
16.500	58.316	1.0000	1.0000	8.5719	9.3375	37.459	29.391	13285.	123.44	0.91949	45.896	0.079758	vapor
16.750	58.587	1.0000	1.0000	8.5792	9.3484	37.484	29.239	7354.8	123.89	0.91731	45.920	0.062929	supercritical
17.000	58.858	1.0000	1.0000	8.5865	9.3593	37.509	29.088	5084.4	124.34	0.91514	45.943	0.054681	supercritical
17.250	59.129	1.0000	1.0000	8.5938	9.3701	37.534	28.939	3884.7	124.79	0.91299	45.967	0.049559	supercritical
17.500	59.399	1.0000	1.0000	8.6010	9.3808	37.559	28.793	3142.9	125.24	0.91084	45.990	0.045984	supercritical
17.750	59.670	1.0000	1.0000	8.6082	9.3916	37.583	28.648	2638.9	125.68	0.90870	46.013	0.043307	supercritical
18.000	59.941	1.0000	1.0000	8.6153	9.4023	37.608	28.505	2274.1	126.13	0.90658	46.037	0.041205	supercritical
18.250	60.211	1.0000	1.0000	8.6224	9.4129	37.632	28.364	1997.9	126.57	0.90447	46.060	0.039499	supercritical
18.500	60.482	1.0000	1.0000	8.6295	9.4236	37.657	28.224	1781.4	127.02	0.90236	46.084	0.038078	supercritical
18.750	60.752	1.0000	1.0000	8.6365	9.4341	37.681	28.086	1607.3	127.46	0.90027	46.107	0.036871	supercritical
19.000	61.022	1.0000	1.0000	8.6435	9.4447	37.705	27.950	1464.2	127.90	0.89819	46.130	0.035829	supercritical
19.250	61.293	1.0000	1.0000	8.6505	9.4552	37.729	27.816	1344.5	128.34	0.89611	46.153	0.034917	supercritical
19.500	61.563	1.0000	1.0000	8.6574	9.4657	37.752	27.684	1242.9	128.77	0.89405	46.177	0.034110	supercritical
19.750	61.833	1.0000	1.0000	8.6643	9.4762	37.776	27.553	1155.5	129.21	0.89200	46.200	0.033390	supercritical
20.000	62.103	1.0000	1.0000	8.6712	9.4866	37.799	27.423	1079.7	129.65	0.88996	46.223	0.032743	supercritical
20.250	62.373	1.0000	1.0000	8.6780	9.4970	37.823	27.296	1013.2	130.08	0.88792	46.247	0.032156	supercritical
20.500	62.643	1.0000	1.0000	8.6849	9.5073	37.846	27.170	954.42	130.51	0.88590	46.270	0.031621	supercritical
20.750	62.913	1.0000	1.0000	8.6916	9.5176	37.869	27.045	902.10	130.94	0.88389	46.293	0.031130	supercritical
21.000	63.183	1.0000	1.0000	8.6984	9.5279	37.892	26.922	855.24	131.37	0.88188	46.316	0.030678	supercritical
21.250	63.453	1.0000	1.0000	8.7051	9.5382	37.915	26.801	813.01	131.80	0.87989	46.339	0.030261	supercritical
21.500	63.723	1.0000	1.0000	8.7118	9.5484	37.937	26.681	774.78	132.23	0.87791	46.363	0.029873	supercritical
21.750	63.992	1.0000	1.0000	8.7184	9.5586	37.960	26.562	739.99	132.65	0.87593	46.386	0.029511	supercritical
22.000	64.262	1.0000	1.0000	8.7251	9.5688	37.982	26.445	708.20	133.07	0.87397	46.409	0.029173	supercritical
22.250	64.532	1.0000	1.0000	8.7317	9.5789	38.005	26.329	679.04	133.50	0.87201	46.432	0.028856	supercritical
22.500	64.801	1.0000	1.0000	8.7382	9.5890	38.027	26.215	652.20	133.92	0.87006	46.455	0.028558	supercritical
22.750	65.071	1.0000	1.0000	8.7448	9.5991	38.049	26.103	627.42	134.34	0.86812	46.478	0.028278	supercritical
23.000	65.340	1.0000	1.0000	8.7513	9.6091	38.071	25.991	604.46	134.76	0.86619	46.501	0.028013	supercritical
23.250	65.610	1.0000	1.0000	8.7578	9.6192	38.093	25.881	583.14	135.17	0.86427	46.524	0.027762	supercritical
23.500	65.879	1.0000	1.0000	8.7642	9.6292	38.115	25.772	563.28	135.59	0.86236	46.547	0.027524	supercritical
23.750	66.148	1.0000	1.0000	8.7706	9.6391	38.136	25.665	544.74	136.00	0.86046	46.570	0.027297	supercritical
24.000	66.418	1.0000	1.0000	8.7770	9.6491	38.158	25.559	527.39	136.42	0.85856	46.593	0.027082	supercritical
24.250	66.687	1.0000	1.0000	8.7834	9.6590	38.179	25.454	511.12	136.83	0.85667	46.616	0.026877	supercritical
24.500	66.956	1.0000	1.0000	8.7898	9.6689	38.201	25.351	495.84	137.24	0.85479	46.639	0.026681	supercritical
24.750	67.225	1.0000	1.0000	8.7961	9.6787	38.222	25.249	481.46	137.65	0.85292	46.662	0.026493	supercritical
25.000	67.494	1.0000	1.0000	8.8024	9.6886	38.243	25.148	467.89	138.05	0.85106	46.685	0.026314	supercritical
25.250	67.764	1.0000	1.0000	8.8087	9.6984	38.264	25.048	455.08	138.46	0.84921	46.708	0.026142	supercritical
25.500	68.033	1.0000	1.0000	8.8149	9.7081	38.285	24.949	442.97	138.86	0.84736	46.731	0.025977	supercritical
25.750	68.302	1.0000	1.0000	8.8211	9.7179	38.306	24.852	431.49	139.27	0.84552	46.754	0.025818	supercritical
26.000	68.571	1.0000	1.0000	8.8273	9.7276	38.327	24.756	420.60	139.67	0.84369	46.777	0.025665	supercritical
26.250	68.839	1.0000	1.0000	8.8335	9.7373	38.347	24.661	410.25	140.07	0.84187	46.800	0.025518	supercritical
26.500	69.108	1.0000	1.0000	8.8397	9.7470	38.368	24.567	400.41	140.46	0.84006	46.823	0.025376	supercritical
26.750	69.377	1.0000	1.0000	8.8458	9.7567	38.388	24.474	391.04	140.86	0.83825	46.846	0.025240	supercritical
27.000	69.646	1.0000	1.0000	8.8519	9.7663	38.409	24.382	382.11	141.26	0.83645	46.869	0.025107	supercritical
27.250	69.915	1.0000	1.0000	8.8580	9.7759	38.429	24.291	373.59	141.65	0.83466	46.891	0.024980	supercritical
27.500	70.183	1.0000	1.0000	8.8641	9.7855	38.449	24.202	365.44	142.04	0.83288	46.914	0.024856	supercritical
27.750	70.452	1.0000	1.0000	8.8701	9.7951	38.469	24.113	357.65	142.44	0.83110	46.937	0.024737	supercritical
28.000	70.721	1.0000	1.0000	8.8761	9.8046	38.489	24.026	350.20	142.83	0.82933	46.960	0.024621	supercritical
28.250	70.989	1.0000	1.0000	8.8821	9.8142	38.509	23.940	343.05	143.21	0.82757	46.983	0.024508	supercritical
28.500	71.258	1.0000	1.0000	8.8881	9.8237	38.529	23.854	336.20	143.60	0.82581	47.005	0.024399	supercritical
28.750	71.526	1.0000	1.0000	8.8940	9.8331	38.549	23.770	329.62	143.99	0.82406	47.028	0.024293	supercritical
29.000	71.795	1.0000	1.0000	8.9000	9.8426	38.568	23.687	323.31	144.37	0.82232	47.051	0.024190	supercritical
29.250	72.063	1.0000	1.0000	8.9059	9.8520	38.588	23.604	317.24	144.76	0.82059	47.074	0.024090	supercritical
29.500	72.332	1.0000	1.0000	8.9118	9.8614	38.607	23.523	311.39	145.14	0.81886	47.096	0.023993	supercritical
29.750	72.600	1.0000	1.0000	8.9176	9.8708	38.627	23.442	305.77	145.52	0.81714	47.119	0.023898	supercritical
30.000	72.869	1.0000	1.0000	8.9235	9.8802	38.646	23.363	300.35	145.90	0.81542	47.142	0.023806	supercritical
30.250	73.137	1.0000	1.0000	8.9293	9.8896	38.665	23.284	295.13	146.27	0.81372	47.164	0.023716	supercritical
30.500	73.405	1.0000	1.0000	8.9351	9.8989	38.684	23.206	290.09	146.65	0.81202	47.187	0.023629	supercritical
30.750	73.673	1.0000	1.0000	8.9409	9.9082	38.703	23.130	285.23	147.02	0.81032	47.210	0.023543	supercritical
31.000	73.942	1.0000	1.0000	8.9467	9.9175	38.722	23.054	280.54	147.40	0.80863	47.232	0.023460	supercritical
31.250	74.210	1.0000	1.0000	8.9525	9.9268	38.741	22.979	276.00	147.77	0.80695	47.255	0.023379	supercritical
31.500	74.478	1.0000	1.0000	8.9582	9.9360	38.760	22.905	271.61	148.14	0.80528	47.278	0.023299	supercritical
31.750	74.746	1.0000	1.0000	8.9639	9.9453	38.779	22.831	267.36	148.51	0.80361	47.300	0.023221	supercritical
32.000	75.014	1.0000	1.0000	8.9696	9.9545	38.798	22.759	263.26	148.87	0.80195	47.323	0.023145	supercritical
32.250	75.283	1.0000	1.0000	8.9753	9.9637	38.816	22.687	259.28	149.24	0.80029	47.345	0.023071	supercritical
32.500	75.551	1.0000	1.0000	8.9810	9.9729	38.835	22.616	255.42	149.61	0.79864	47.368	0.022998	supercritical
32.750	75.819	1.0000	1.0000	8.9866	9.9820	38.853	22.546	251.69	149.97	0.79700	47.390	0.022927	supercritical
33.000	76.087	1.0000	1.0000	8.9922	9.9912	38.872	22.477	248.06	150.33	0.79536	47.413	0.022857	supercritical
33.250	76.355	1.0000	1.0000	8.9978	10.000	38.890	22.409	244.54	150.69	0.79373	47.435	0.022789	supercritical
33.500	76.623	1.0000	1.0000	9.0034	10.009	38.908	22.341	241.13	151.05	0.79210	47.458	0.022722	supercritical
33.750	76.891	1.0000	1.0000	9.0090	10.019	38.926	22.274	237.82	151.41	0.79048	47.480	0.022657	supercritical
34.000	77.158	1.0000	1.0000	9.0146	10.028	38.945	22.208	234.60	151.77	0.78887	47.503	0.022592	supercritical
34.250	77.426	1.0000	1.0000	9.0201	10.037	38.963	22.143	231.47	152.12	0.78726	47.525	0.022529	supercritical
34.500	77.694	1.0000	1.0000	9.0256	10.046	38.981	22.078	228.43	152.47	0.78566	47.548	0.022467	supercritical
34.750	77.962	1.0000	1.0000	9.0312	10.055	38.998	22.014	225.47	152.83	0.78406	47.570	0.022407	supercritical
35.000	78.230	1.0000	1.0000	9.0366	10.064	39.016	21.951	222.59	153.18	0.78247	47.593	0.022347	supercritical
35.250	78.498	1.0000	1.0000	9.0421	10.073	39.034	21.889	219.79	153.53	0.78088	47.615	0.022288	supercritical
35.500	78.765	1.0000	1.0000	9.0476	10.082	39.052	21.827	217.06	153.88	0.77930	47.637	0.022231	supercritical
35.750	79.033	1.0000	1.0000	9.0530	10.091	39.069	21.766	214.40	154.22	0.77773	47.660	0.022174	supercritical
36.000	79.301	1.0000	1.0000	9.0585	10.100	39.087	21.706	211.82	154.57	0.77616	47.682	0.022118	supercritical
36.250	79.569	1.0000	1.0000	9.0639	10.109	39.105	21.646	209.29	154.91	0.77459	47.705	0.022064	supercritical
36.500	79.836	1.0000	1.0000	9.0693	10.117	39.122	21.587	206.83	155.26	0.77304	47.727	0.022010	supercritical
36.750	80.104	1.0000	1.0000	9.0747	10.126	39.139	21.528	204.44	155.60	0.77148	47.749	0.021957	supercritical
37.000	80.372	1.0000	1.0000	9.0801	10.135	39.157	21.471	202.10	155.94	0.76993	47.772	0.021905	supercritical
37.250	80.639	1.0000	1.0000	9.0854	10.144	39.174	21.414	199.81	156.28	0.76839	47.794	0.021854	supercritical
37.500	80.907	1.0000	1.0000	9.0908	10.153	39.191	21.357	197.59	156.62	0.76685	47.816	0.021803	supercritical
37.750	81.174	1.0000	1.0000	9.0961	10.162	39.208	21.301	195.41	156.96	0.76532	47.838	0.021753	supercritical
38.000	81.442	1.0000	1.0000	9.1014	10.171	39.225	21.246	193.29	157.29	0.76379	47.861	0.021704	supercritical
38.250	81.709	1.0000	1.0000	9.1067	10.180	39.243	21.191	191.21	157.63	0.76227	47.883	0.021656	supercritical
38.500	81.977	1.0000	1.0000	9.1120	10.188	39.259	21.137	189.18	157.96	0.76075	47.905	0.021608	supercritical
38.750	82.244	1.0000	1.0000	9.1173	10.197	39.276	21.084	187.20	158.29	0.75924	47.927	0.021562	supercritical
39.000	82.512	1.0000	1.0000	9.1226	10.206	39.293	21.031	185.26	158.62	0.75774	47.950	0.021515	supercritical
39.250	82.779	1.0000	1.0000	9.1278	10.215	39.310	20.979	183.37	158.95	0.75623	47.972	0.021470	supercritical
39.500	83.047	1.0000	1.0000	9.1330	10.223	39.327	20.927	181.52	159.28	0.75474	47.994	0.021425	supercritical
39.750	83.314	1.0000	1.0000	9.1383	10.232	39.344	20.876	179.70	159.60	0.75324	48.016	0.021380	supercritical
40.000	83.582	1.0000	1.0000	9.1435	10.241	39.360	20.825	177.93	159.93	0.75176	48.038	0.021337	supercritical
40.250	83.849	1.0000	1.0000	9.1487	10.250	39.377	20.775	176.20	160.25	0.75027	48.060	0.021294	supercritical
40.500	84.116	1.0000	1.0000	9.1539	10.258	39.393	20.726	174.50	160.58	0.74879	48.083	0.021251	supercritical
40.750	84.384	1.0000	1.0000	9.1590	10.267	39.410	20.677	172.83	160.90	0.74732	48.105	0.021209	supercritical
41.000	84.651	1.0000	1.0000	9.1642	10.276	39.426	20.628	171.20	161.22	0.74585	48.127	0.021167	supercritical
41.250	84.918	1.0000	1.0000	9.1694	10.284	39.443	20.580	169.61	161.54	0.74439	48.149	0.021126	supercritical
41.500	85.186	1.0000	1.0000	9.1745	10.293	39.459	20.533	168.04	161.86	0.74293	48.171	0.021086	supercritical
41.750	85.453	1.0000	1.0000	9.1796	10.302	39.475	20.486	166.51	162.18	0.74147	48.193	0.021046	supercritical
42.000	85.720	1.0000	1.0000	9.1847	10.310	39.492	20.440	165.01	162.49	0.74002	48.215	0.021006	supercritical
42.250	85.987	1.0000	1.0000	9.1898	10.319	39.508	20.394	163.54	162.81	0.73858	48.237	0.020967	supercritical
42.500	86.255	1.0000	1.0000	9.1949	10.327	39.524	20.348	162.09	163.12	0.73714	48.259	0.020928	supercritical
42.750	86.522	1.0000	1.0000	9.2000	10.336	39.540	20.303	160.68	163.43	0.73570	48.281	0.020890	supercritical
43.000	86.789	1.0000	1.0000	9.2051	10.345	39.556	20.259	159.29	163.74	0.73427	48.303	0.020852	supercritical
43.250	87.056	1.0000	1.0000	9.2102	10.353	39.572	20.215	157.93	164.05	0.73284	48.325	0.020815	supercritical
43.500	87.323	1.0000	1.0000	9.2152	10.362	39.588	20.171	156.59	164.36	0.73141	48.347	0.020778	supercritical
43.750	87.591	1.0000	1.0000	9.2202	10.370	39.604	20.128	155.28	164.67	0.72999	48.369	0.020741	supercritical
44.000	87.858	1.0000	1.0000	9.2253	10.379	39.620	20.085	153.99	164.98	0.72858	48.391	0.020705	supercritical
44.250	88.125	1.0000	1.0000	9.2303	10.387	39.636	20.043	152.73	165.28	0.72717	48.413	0.020670	supercritical
44.500	88.392	1.0000	1.0000	9.2353	10.396	39.651	20.001	151.49	165.59	0.72576	48.435	0.020634	supercritical
44.750	88.659	1.0000	1.0000	9.2403	10.404	39.667	19.960	150.27	165.89	0.72436	48.457	0.020599	supercritical
45.000	88.926	1.0000	1.0000	9.2453	10.413	39.683	19.919	149.07	166.19	0.72296	48.479	0.020564	supercritical
45.250	89.193	1.0000	1.0000	9.2502	10.421	39.698	19.879	147.90	166.50	0.72157	48.501	0.020530	supercritical
45.500	89.460	1.0000	1.0000	9.2552	10.430	39.714	19.839	146.74	166.80	0.72018	48.523	0.020496	supercritical
45.750	89.727	1.0000	1.0000	9.2602	10.438	39.729	19.799	145.61	167.09	0.71879	48.544	0.020463	supercritical
46.000	89.994	1.0000	1.0000	9.2651	10.447	39.745	19.760	144.49	167.39	0.71741	48.566	0.020429	supercritical
46.250	90.261	1.0000	1.0000	9.2700	10.455	39.760	19.721	143.40	167.69	0.71603	48.588	0.020396	supercritical
46.500	90.528	1.0000	1.0000	9.2750	10.464	39.776	19.682	142.32	167.98	0.71466	48.610	0.020364	supercritical
46.750	90.795	1.0000	1.0000	9.2799	10.472	39.791	19.644	141.26	168.28	0.71329	48.632	0.020331	supercritical
47.000	91.062	1.0000	1.0000	9.2848	10.480	39.807	19.607	140.22	168.57	0.71193	48.654	0.020299	supercritical
47.250	91.329	1.0000	1.0000	9.2897	10.489	39.822	19.569	139.19	168.87	0.71057	48.675	0.020268	supercritical
47.500	91.596	1.0000	1.0000	9.2946	10.497	39.837	19.532	138.19	169.16	0.70921	48.697	0.020236	supercritical
47.750	91.863	1.0000	1.0000	9.2994	10.506	39.852	19.496	137.19	169.45	0.70785	48.719	0.020205	supercritical
48.000	92.130	1.0000	1.0000	9.3043	10.514	39.867	19.460	136.22	169.74	0.70651	48.741	0.020174	supercritical
48.250	92.397	1.0000	1.0000	9.3092	10.522	39.883	19.424	135.26	170.03	0.70516	48.762	0.020143	supercritical
48.500	92.663	1.0000	1.0000	9.3140	10.531	39.898	19.389	134.32	170.31	0.70382	48.784	0.020113	supercritical
48.750	92.930	1.0000	1.0000	9.3189	10.539	39.913	19.353	133.39	170.60	0.70248	48.806	0.020083	supercritical
49.000	93.197	1.0000	1.0000	9.3237	10.547	39.928	19.319	132.47	170.89	0.70115	48.828	0.020053	supercritical
49.250	93.464	1.0000	1.0000	9.3285	10.556	39.943	19.284	131.57	171.17	0.69982	48.849	0.020024	supercritical
49.500	93.731	1.0000	1.0000	9.3333	10.564	39.958	19.250	130.69	171.45	0.69849	48.871	0.019994	supercritical
49.750	93.998	1.0000	1.0000	9.3382	10.572	39.973	19.217	129.82	171.74	0.69717	48.893	0.019965	supercritical
50.000	94.264	1.0000	1.0000	9.3430	10.581	39.987	19.183	128.96	172.02	0.69585	48.914	0.019937	supercritical
